 -0.89999999850988388        0.0000000000000000        1.0000000000000000        100000.00000000000     
 -0.79999999701976776        0.0000000000000000        1.0000000000000000        100000.00000000000     
 -0.69999999552965164        0.0000000000000000        1.0000000000000000        100000.00000000000     
 -0.59999999403953552        0.0000000000000000        1.0000000000000000        100000.00000000000     
 -0.49999999254941940        0.0000000000000000        1.0000000000000000        100000.00000000000     
 -0.39999999105930328        0.0000000000000000        1.0000000000000000        100000.00000000000     
 -0.29999998956918716        0.0000000000000000        1.0000000000000000        100000.00000000000     
 -0.19999998807907104        0.0000000000000000        1.0000000000000000        100000.00000000000     
  -9.9999986588954926E-002   0.0000000000000000        1.0000000000000000        100000.00000000000     
   1.4901161193847656E-008   0.0000000000000000       0.12500000000000000        10000.000000000000     
  0.10000001639127731        0.0000000000000000       0.12500000000000000        10000.000000000000     
  0.20000001788139343        0.0000000000000000       0.12500000000000000        10000.000000000000     
  0.30000001937150955        0.0000000000000000       0.12500000000000000        10000.000000000000     
  0.40000002086162567        0.0000000000000000       0.12500000000000000        10000.000000000000     
  0.50000002235174179        0.0000000000000000       0.12500000000000000        10000.000000000000     
  0.60000002384185791        0.0000000000000000       0.12500000000000000        10000.000000000000     
  0.70000002533197403        0.0000000000000000       0.12500000000000000        10000.000000000000     
  0.80000002682209015        0.0000000000000000       0.12500000000000000        10000.000000000000     
  0.90000002831220627        0.0000000000000000       0.12500000000000000        10000.000000000000     
